nTasks=40;
nCPUs=20;
rt=[4803.943716476222 3506.4128638494835 4172.436102127048 4476.486805337752 2615.8803545296314 4164.88612655888 4533.121205182728 1706.8090354159217 3862.6536591947443 1143.113735577082 2175.984225871572 4592.425649642111 3636.6245934282047 3136.626238911897 1509.0735004739865 4057.666268632285 3159.486204870572 3957.301258450651 3264.337293145892 1987.762274222276 4545.259049743491 4331.377957143488 1036.837762334868 3133.3231139085656 844.1078332170346 3498.0403601660464 2603.084889317721 1999.9277217429367 1822.6328521936225 2840.9086508543064 4585.080147770668 2364.8079334153845 1961.091698127124 1349.472444939489 2172.7397998892466 3929.4732068073986 2029.96124240487 1052.5295960476287 1764.6743073915552 3068.2515643945735];
rc=[11993.341187039356 15224.19192381276 19549.23454794591 15134.029318902894 16059.65872806978 10383.365210314161 8897.5305449119 16303.712943998364 6836.4611153206515 13976.075009156464 14000.758747427717 5232.85085917919 14737.554564976752 7779.44811223857 10309.06752336711 8591.547752301973 7584.129759443257 19345.95179359021 10669.82466951634 16255.224337256857];
