nTasks=150;
nCPUs=50;
rt=[3341.6408888812475 3299.684565854913 3741.7701304317698 4862.188245947943 1357.9364833229406 913.1057519869198 2831.905525914482 3162.5440796157504 1262.9939606266437 2330.2325880596095 4788.771649199821 4388.76628219361 4549.65734260221 664.7971516841693 1459.6832213509915 4596.441340835632 4614.666497184797 2763.9283249060904 4656.40853619685 512.0578935565704 1939.2536033062727 3140.7626800293197 1883.3545511700936 2293.814654368073 3906.7959929681874 3512.107202710914 2003.7006810008281 3248.784439699572 2090.3702573746814 2143.299960201696 4823.718529628939 4217.192409151288 2676.776860010261 2324.9619277674324 1828.2503538411015 4593.74760876507 4927.688072760511 2471.35827993073 2281.370923094027 2551.4756897806683 1459.5795690957016 1827.690776398768 2234.2116000959877 1650.2100995814703 3500.8711464329103 2716.03296625581 1581.5516918851881 1845.0445026055665 1198.8351565185626 3365.0466740099023 4302.31948798462 3435.893881227268 1260.1062085338312 1952.9597338691883 2470.7128909171497 3177.067937004373 626.1256236508069 2391.769639929781 1846.654947090414 1016.4205391896453 2216.1430341301934 2047.7049239072364 603.634195174067 1033.099641675 3275.1444122268736 550.3215199460235 3878.997466430323 1340.7667058732256 1595.3349567834111 3352.58343927661 2488.6037757377235 4929.053564324594 1742.5473294211347 4332.613531298615 4707.211549746645 889.2231475832834 4428.19557375849 3085.8465503242433 4879.112282647418 628.0438206717704 4330.395059251167 4579.175849987689 3829.2983093397497 3755.8081112127006 685.5793676721477 4352.568002971289 2168.9485230777846 3191.6520388235795 2914.0359373743063 1434.952843600477 4490.781658673192 3788.741892835217 2751.9542398450453 2882.8688966569575 3297.1693802564296 676.3846100142642 4088.4841486609444 4384.477508238742 1081.141554881171 1209.7532740336167 4872.898586549125 4358.758923135201 4589.303106054256 3588.1472577470336 3419.7128123862612 1203.8288143190282 2060.4868332353713 635.6723585556863 3164.4168473343825 3138.716313712484 4590.039212252556 2707.793203422041 4071.8289186495927 2140.4887988724345 3797.7884838220675 1952.2165523516567 1471.5735509634578 2885.977043309174 2174.7623766968723 4074.1091175027555 3655.9477566867185 4736.039880838413 989.4895255035437 3850.0792276739944 1797.4802653924994 1038.4479196629911 3816.736675648031 1397.4073935926963 2717.9789533563744 2882.8535694817133 2466.1962191901393 4136.609878016004 1793.9304743716057 1866.7373554465069 4401.722313006723 2801.9470581570095 1119.1466105750192 2057.799214666198 3279.4414854572547 983.099665244582 1804.7774930085059 4959.625139034467 2763.0082451769545 2156.497618569143 4920.300173196969 1667.087025868366 2592.1595985366816 2068.159098643274 3929.127428325156 1708.4519448627375];
rc=[6215.1912823722505 17179.451345243644 10681.21534008615 11285.195751866606 6992.316371609542 7461.048455257776 16648.47367196623 8688.157600009152 7983.746240900313 15731.369927572734 10707.420220800377 6988.1063636087665 18336.90702950034 14436.185374475033 17262.10854714474 19844.330077119037 15228.98859156613 10492.909853947174 16891.541992911523 8327.403203851612 15988.194651808715 16173.347369325322 11266.700545192965 16864.328982568484 7918.536640824093 11016.489221446278 11097.929387227407 9588.014150747487 14984.077809459042 8289.93775526557 15923.53968062568 10499.363925945683 18922.67900507548 16267.327784538904 5210.740368239228 17676.289718623128 12991.31602400789 14721.874821707928 15523.778910819441 14142.35721926289 17772.70133622399 11636.46880232691 16260.331757805456 7982.518491877323 12656.761694461355 11872.68352433537 9307.260025144056 8027.844830985845 6590.611567915036 14851.500427217668];
