nTasks=30;
nCPUs=10;
rt=[2952.451031729865 2606.1618098085155 4149.205918211745 3063.026781616734 2553.4856103428133 905.3754860593092 930.4900762036968 2487.3436842508954 4336.525599817236 4963.020780250151 673.4390551120438 1778.7215613936278 2276.8533085438685 3654.703133370016 2682.262442568155 1169.7740071593398 4401.912899896364 3913.016685979112 2257.539850247241 2830.9002830175727 4778.494136228805 1687.026971820689 3293.5613762977855 4518.8816303989715 3609.1164674232045 919.2535650047702 1402.002352421925 3879.2053560868794 3914.521284383926 3590.423580287809];
rc=[10000.0 10000.0 10000.0 10000.0 10000.0 10000.0 10000.0 10000.0 10000.0 10000.0];
