nTasks=30;
nCPUs=10;
rt=[2831.1295132959112 1045.562448501998 3043.209835946453 606.5040946942024 1678.4103967914493 2665.8993743840106 1251.1728862893747 1491.6877360009526 1570.8006737175508 3533.4905825609567 1463.7361490077421 3611.010002102843 712.0222365565816 605.1214878601952 4216.214751043735 1266.3031075107988 4116.493085149976 1374.3352605104637 2684.7339451151815 622.091668473225 3605.632046882808 4403.318088119759 2293.1348366071184 1193.8241617911362 4007.7664053977696 3933.605093505447 3355.85338454983 4356.577950217499 4038.3666858499755 1116.6148394339348];
rc=[10000.0 10000.0 10000.0 10000.0 10000.0 10000.0 10000.0 10000.0 10000.0 10000.0];
