nTasks=30;
nCPUs=10;
rt=[1593.607272759142 930.389467220936 4370.8316724847855 2347.899431096306 1615.1294084443969 625.3627197624047 3963.4204242712076 4308.647162051837 4956.4362642875585 1102.636826630854 4490.993187384776 1905.6593841539864 1267.4938900466377 4436.511924194736 946.7138974908544 3946.560620620401 2653.9405949364536 1285.1766530753275 3642.37987808935 2485.7793374238368 4201.6848342614185 2752.638777408341 3642.0519678292535 3424.780115377311 1867.6949895289122 2310.5855543304287 4556.2069918805255 2531.8647380559178 4189.858676924427 1580.4521350439995];
rc=[10000.0 10000.0 10000.0 10000.0 10000.0 10000.0 10000.0 10000.0 10000.0 10000.0];
