nTasks=30;
nCPUs=10;
rt=[2326.347054472626 4211.416584360739 4147.93734186807 3774.534556624177 4531.336069281002 2157.876870389907 4615.092693980033 1445.0017105233183 2678.9711775326327 3425.6326411744753 1050.4228495506918 1322.8646740416689 4354.548670288709 3578.4012854721573 1191.8510801217622 3702.5679980197438 3860.7958101448326 3955.893342834483 2348.1893322394944 3648.551268850257 752.47837703428 4256.854840908805 2007.6625863104261 1992.6391376965873 4599.685855041165 3772.4561336255224 1162.3143844428828 2069.1752039327785 4922.512621728886 1468.0290819893007];
rc=[10000.0 10000.0 10000.0 10000.0 10000.0 10000.0 10000.0 10000.0 10000.0 10000.0];
