nTasks=30;
nCPUs=10;
rt=[2264.758195208499 1036.9960826150914 4541.231021901994 1216.4117939970874 3541.376682261454 575.2209151369718 2395.7777938091535 3795.0794371644647 587.3395612595976 3299.1092433345884 4095.445100454755 1660.4800381347975 4330.364474905231 607.9664120723394 2680.5580130652515 1316.021100367884 2856.519316017375 2337.1874368971903 2557.256460043503 1153.1028228293324 4429.732147743842 3153.2935325358458 2625.149093434805 783.5782884034188 1468.015976985665 2256.0288627178847 3641.766511266774 4629.027812683626 4159.896642165774 713.3009432614639];
rc=[10000.0 10000.0 10000.0 10000.0 10000.0 10000.0 10000.0 10000.0 10000.0 10000.0];
