nTasks=30;
nCPUs=10;
rt=[1259.1389122038986 2896.1849985717818 3828.483404136155 2794.601731737135 3834.634582823695 1476.1592004776728 1604.6661108969531 4217.077662284859 3919.8186905910325 2012.6998243832627 4981.3780097926065 690.467033825224 1286.2362955261224 3362.290443544369 3685.7756735532353 855.7817178856794 1189.041166362131 4937.2053457369575 2456.540016244474 1388.4869588510383 4814.398203106632 4867.8143093541075 2762.1586258970196 1169.11683167841 3286.314026129335 4299.066922394708 4815.246776330265 3439.8995460650503 936.9370570796489 2498.364338880089];
rc=[10000.0 10000.0 10000.0 10000.0 10000.0 10000.0 10000.0 10000.0 10000.0 10000.0];
