nTasks=30;
nCPUs=10;
rt=[1842.6192672840305 3484.212092582259 940.6790410808921 3277.141115278644 1426.5769627172604 3437.2356235173593 3456.689582541356 4734.676667125546 3395.8820005797807 1003.0210222589046 3272.069622887081 2240.8712900271084 4959.246940500601 3991.4348948227316 2485.2019937242026 4783.750583264693 2635.4368112316215 2791.7616505841897 4355.092520270043 2988.933908460376 2538.7804372932574 3652.8103673058854 1623.257054380897 508.890425196925 3331.069967196748 3541.054469698182 4601.751481090692 4582.67326595725 946.8370441867075 2160.744070017191];
rc=[10000.0 10000.0 10000.0 10000.0 10000.0 10000.0 10000.0 10000.0 10000.0 10000.0];
