nTasks=30;
nCPUs=10;
rt=[2514.8998711779423 861.9532466469309 3759.8822205308525 1228.1967709043486 2356.2110413670725 3526.8911106504033 1955.135539517608 2778.9509999866386 4189.605768222731 3799.36999579718 4372.634375973386 4406.789467392041 1337.7333590034018 587.6712898060398 828.3709789357149 1251.3062671575976 2647.9225377027997 3329.0508016043855 2581.042490671559 3554.913296492161 2330.379380314755 1466.0131956019106 3920.944955009375 3568.4741296668662 3186.217588604638 1170.892216692821 4084.685801139054 1464.3482848022268 1625.7589241571038 3079.537505667259];
rc=[10000.0 10000.0 10000.0 10000.0 10000.0 10000.0 10000.0 10000.0 10000.0 10000.0];
