nTasks=30;
nCPUs=10;
rt=[2304.783083151631 4820.632943191468 3831.5574728486044 4480.6497122189485 695.4690978963138 4000.037237347001 4711.027019375466 4370.91044233884 1921.8326030089106 1600.5446766948949 2463.97179136039 2147.029378402825 4532.8652893088165 2858.8963403668954 2251.6329686336676 1908.5729553255214 946.3554887910486 566.470823665656 1136.192777381475 3766.926929757029 2207.1767762206287 4354.613836800465 1152.2500871124003 545.7254722891611 2607.6898398363273 2530.7013387294037 3716.7742952008407 4195.541097200739 2021.5829038977624 3868.6880741586233];
rc=[10000.0 10000.0 10000.0 10000.0 10000.0 10000.0 10000.0 10000.0 10000.0 10000.0];
