nTasks=30;
nCPUs=10;
rt=[2158.1378707557833 3855.320587740378 4964.191949980537 3061.3343263219317 3638.7131327615107 2400.531829636445 4393.135353927753 2370.9169811917222 666.3837001119766 1826.0649571888516 3894.6368934129227 1607.5679751451034 4327.6098123261345 4488.663933804315 515.0050706566909 2796.874433308745 1254.5495475552125 1687.5827907803962 1395.8065537177742 2350.8102102277307 963.1677830465649 4043.962283516717 2185.7962580492367 2776.7591929719397 4338.298234544252 560.3842316842039 4507.646070830988 3321.34064268707 624.4796496375716 3655.5690999269787];
rc=[10000.0 10000.0 10000.0 10000.0 10000.0 10000.0 10000.0 10000.0 10000.0 10000.0];
