nTasks=30;
nCPUs=10;
rt=[840.7629663070611 1609.3538746319416 1430.8240620988308 503.00023634025655 2409.9253058982545 2746.850907399041 3943.986499230464 1568.1390520256323 848.2409524936561 3139.0413333252804 3134.1940906796394 2868.8050802658217 4307.90757399302 2960.0518236300995 1715.7417859090865 1573.3097404113844 2266.8982630040628 3148.8954356281392 2246.320883553592 3418.566072920584 1761.5620152269612 4245.048047535851 4765.741949268651 4163.988587249143 1092.3856005650946 1263.0879650943443 3695.205751538523 2751.7997439341366 4057.5533294474067 3871.7880560706926];
rc=[10000.0 10000.0 10000.0 10000.0 10000.0 10000.0 10000.0 10000.0 10000.0 10000.0];
